0 0.385537 0.257062 0.005093 0.020346
1 0.611144 0.358315 0.084824 0.047617
1 0.522306 0.354142 0.025000 0.029765
0 0.590088 0.198037 0.009157 0.027136
0 0.336185 0.257741 0.004074 0.018988
1 0.121861 0.382716 0.241963 0.234519
0 0.546838 0.230605 0.010176 0.021704
0 0.005449 0.237389 0.010176 0.021716
1 0.388375 0.392241 0.216065 0.210704
0 0.427264 0.256389 0.005083 0.016284
1 0.252662 0.366642 0.089287 0.088099
0 0.566681 0.215679 0.009157 0.027136
1 0.716500 0.358315 0.066963 0.035716
1 0.782574 0.363667 0.025889 0.036914
