1 0.645074 0.466648 0.049111 0.040481
0 0.181505 0.274025 0.012213 0.038000
1 0.828556 0.461883 0.019648 0.026185
0 0.714745 0.244173 0.012213 0.040716
0 0.621634 0.265204 0.011194 0.039346
0 0.256810 0.290988 0.012213 0.033926
1 0.294630 0.459500 0.062500 0.030951
1 0.787037 0.465457 0.036611 0.028568
1 0.585255 0.469025 0.081250 0.054765
1 0.713375 0.467241 0.028565 0.029765
1 0.679894 0.464265 0.036602 0.040481
0 0.531569 0.283525 0.008139 0.035272
0 0.068032 0.248920 0.013231 0.042062
1 0.354898 0.463074 0.045537 0.028568
1 0.808907 0.461284 0.025000 0.032148
