0 0.333639 0.347969 0.005093 0.017642
0 0.770208 0.275383 0.015269 0.032568
0 0.421662 0.354080 0.008139 0.019000
1 0.620963 0.451167 0.045537 0.030951
0 0.146903 0.294383 0.008139 0.032568
1 0.758019 0.448191 0.067852 0.032136
1 0.832125 0.445809 0.073213 0.036901
0 0.713727 0.294383 0.010176 0.029852
1 0.662486 0.453556 0.076787 0.033333
1 0.064273 0.448191 0.023213 0.029765
0 0.269528 0.022327 0.025444 0.039346
1 0.332574 0.449383 0.029463 0.029753
0 0.664375 0.313370 0.011194 0.024420
0 0.178958 0.324228 0.007120 0.024432
0 0.382995 0.351364 0.006102 0.019000
0 0.165218 0.312019 0.008139 0.027148
0 0.669463 0.069117 0.025444 0.084160
0 0.472037 0.040648 0.025444 0.075988
1 0.031681 0.450574 0.061602 0.029765
