1 0.368287 0.372599 0.038389 0.038086
1 0.393287 0.354741 0.031241 0.035704
0 0.055343 0.295815 0.012500 0.027383
1 0.557125 0.449383 0.094639 0.060716
1 0.328551 0.370222 0.039287 0.033333
1 0.401769 0.936290 0.146426 0.125000
0 0.523644 0.277358 0.006250 0.021432
1 0.433912 0.324981 0.017861 0.019049
1 0.432574 0.301173 0.016963 0.016667
1 0.410699 0.334506 0.026787 0.033333
0 0.099088 0.289265 0.007139 0.023815
0 0.422306 0.275574 0.007148 0.020235
0 0.773194 0.329142 0.012500 0.036901
1 0.357574 0.350568 0.027685 0.022617
0 0.475431 0.278549 0.006250 0.023815
0 0.810694 0.349383 0.012500 0.051185
1 0.380787 0.333315 0.025889 0.026185
