1 0.649537 0.427951 0.052685 0.039284
0 0.634356 0.311284 0.009824 0.027383
0 0.432574 0.269025 0.011611 0.040469
1 0.099537 0.440457 0.070537 0.038099
1 0.399537 0.421407 0.022315 0.021432
1 0.676773 0.437481 0.026787 0.027383
0 0.333019 0.267833 0.007148 0.038086
1 0.272750 0.488074 0.100889 0.102370
1 0.434806 0.415457 0.019648 0.021432
0 0.656236 0.301765 0.010713 0.027383
1 0.335699 0.419025 0.071435 0.045235
0 0.250431 0.275568 0.011602 0.039284
1 0.162037 0.578549 0.208037 0.145247
1 0.035259 0.747593 0.070519 0.204765
0 0.616056 0.317235 0.007148 0.022617
0 0.434361 0.340457 0.008037 0.021432
