1 0.728551 0.538673 0.260713 0.191667
0 0.195519 0.326173 0.003574 0.016667
1 0.392843 0.433315 0.037500 0.026185
1 0.857574 0.742833 0.279463 0.297617
1 0.314269 0.385099 0.030352 0.032148
0 0.185250 0.324383 0.004463 0.008321
1 0.475875 0.442833 0.078565 0.069049
1 0.396861 0.467235 0.049111 0.044049
0 0.233912 0.312475 0.005361 0.020235
1 0.342843 0.401173 0.037500 0.028568
1 0.224537 0.407117 0.036611 0.030951
1 0.974546 0.588074 0.050907 0.150000
1 0.444630 0.505926 0.100000 0.083333
0 0.279005 0.313673 0.006250 0.020235
0 0.203556 0.327358 0.001778 0.011901
1 0.544181 0.479142 0.106250 0.075000
0 0.330343 0.314265 0.005352 0.021420
1 0.089718 0.406525 0.073213 0.028580
0 0.383912 0.333315 0.003565 0.014284
1 0.564269 0.573784 0.169648 0.157148
1 0.400875 0.393432 0.017861 0.022617
0 0.441056 0.332117 0.005352 0.014284
0 0.414713 0.334506 0.004463 0.016667
