1 0.273199 0.336290 0.019639 0.025000
1 0.568736 0.419623 0.042861 0.036901
1 0.656681 0.438667 0.093750 0.055951
1 0.391500 0.457117 0.095537 0.069049
1 0.805343 0.482117 0.133926 0.069049
1 0.226769 0.325574 0.017852 0.017864
0 0.338375 0.277364 0.007139 0.019049
1 0.804449 0.438074 0.183935 0.078568
1 0.185694 0.350574 0.037500 0.053568
0 0.481236 0.274981 0.005361 0.014284
0 0.301769 0.276167 0.005352 0.014284
0 0.507569 0.271407 0.006250 0.016667
1 0.625426 0.411883 0.058037 0.035716
1 0.970074 0.522599 0.059815 0.057148
1 0.008023 0.432716 0.014287 0.041679
0 0.437037 0.268426 0.008037 0.025000
1 0.230787 0.356525 0.033037 0.034531
1 0.975431 0.469623 0.049102 0.046432
0 0.320523 0.266049 0.010713 0.034519
0 0.099981 0.269623 0.008926 0.025000
0 0.114713 0.267833 0.008037 0.026185
0 0.366500 0.277364 0.004463 0.014284
0 0.087926 0.270809 0.008037 0.025000
0 0.379449 0.268432 0.008935 0.022617
